0.000000000000000000e+00 0.000000000000000000e+00 0.000000000000000000e+00 0.000000000000000000e+00 0.000000000000000000e+00 0.000000000000000000e+00 0.000000000000000000e+00 0.000000000000000000e+00 0.000000000000000000e+00 0.000000000000000000e+00 0.000000000000000000e+00 0.000000000000000000e+00 0.000000000000000000e+00 0.000000000000000000e+00 0.000000000000000000e+00 0.000000000000000000e+00 0.000000000000000000e+00 0.000000000000000000e+00
1.000000000000000056e-01 1.000000000000000056e-01 0.000000000000000000e+00 0.000000000000000000e+00 0.000000000000000000e+00 0.000000000000000000e+00 0.000000000000000000e+00 0.000000000000000000e+00 0.000000000000000000e+00 0.000000000000000000e+00 0.000000000000000000e+00 0.000000000000000000e+00 0.000000000000000000e+00 0.000000000000000000e+00 0.000000000000000000e+00 0.000000000000000000e+00 0.000000000000000000e+00 0.000000000000000000e+00
5.393578408029817695e-01 -9.151765613752914641e-01 1.454534402178273345e+00 0.000000000000000000e+00 0.000000000000000000e+00 0.000000000000000000e+00 0.000000000000000000e+00 0.000000000000000000e+00 0.000000000000000000e+00 0.000000000000000000e+00 0.000000000000000000e+00 0.000000000000000000e+00 0.000000000000000000e+00 0.000000000000000000e+00 0.000000000000000000e+00 0.000000000000000000e+00 0.000000000000000000e+00 0.000000000000000000e+00
8.090367612044727652e-01 2.022591903011181635e-01 0.000000000000000000e+00 6.067775709033544906e-01 0.000000000000000000e+00 0.000000000000000000e+00 0.000000000000000000e+00 0.000000000000000000e+00 0.000000000000000000e+00 0.000000000000000000e+00 0.000000000000000000e+00 0.000000000000000000e+00 0.000000000000000000e+00 0.000000000000000000e+00 0.000000000000000000e+00 0.000000000000000000e+00 0.000000000000000000e+00 0.000000000000000000e+00
3.090367612044726542e-01 1.840247147086435942e-01 0.000000000000000000e+00 1.979668312271923580e-01 -7.295478473136327024e-02 0.000000000000000000e+00 0.000000000000000000e+00 0.000000000000000000e+00 0.000000000000000000e+00 0.000000000000000000e+00 0.000000000000000000e+00 0.000000000000000000e+00 0.000000000000000000e+00 0.000000000000000000e+00 0.000000000000000000e+00 0.000000000000000000e+00 0.000000000000000000e+00 0.000000000000000000e+00
9.810741902197953612e-01 8.790073402066812813e-02 0.000000000000000000e+00 0.000000000000000000e+00 4.104597025202605942e-01 4.827137536788665417e-01 0.000000000000000000e+00 0.000000000000000000e+00 0.000000000000000000e+00 0.000000000000000000e+00 0.000000000000000000e+00 0.000000000000000000e+00 0.000000000000000000e+00 0.000000000000000000e+00 0.000000000000000000e+00 0.000000000000000000e+00 0.000000000000000000e+00 0.000000000000000000e+00
8.333333333333332593e-01 8.597005049024603052e-02 0.000000000000000000e+00 0.000000000000000000e+00 3.308859630407221530e-01 4.896629573094501420e-01 -7.318563750708508009e-02 0.000000000000000000e+00 0.000000000000000000e+00 0.000000000000000000e+00 0.000000000000000000e+00 0.000000000000000000e+00 0.000000000000000000e+00 0.000000000000000000e+00 0.000000000000000000e+00 0.000000000000000000e+00 0.000000000000000000e+00 0.000000000000000000e+00
3.540173658568023796e-01 1.209304491253337249e-01 0.000000000000000000e+00 0.000000000000000000e+00 0.000000000000000000e+00 2.601246757582956204e-01 3.254026215490913448e-02 -5.957802118173610023e-02 0.000000000000000000e+00 0.000000000000000000e+00 0.000000000000000000e+00 0.000000000000000000e+00 0.000000000000000000e+00 0.000000000000000000e+00 0.000000000000000000e+00 0.000000000000000000e+00 0.000000000000000000e+00 0.000000000000000000e+00
8.825276619647323129e-01 1.108543795803914878e-01 0.000000000000000000e+00 0.000000000000000000e+00 0.000000000000000000e+00 0.000000000000000000e+00 -6.057614882550056007e-02 3.217637056017783603e-01 5.104857256080630457e-01 0.000000000000000000e+00 0.000000000000000000e+00 0.000000000000000000e+00 0.000000000000000000e+00 0.000000000000000000e+00 0.000000000000000000e+00 0.000000000000000000e+00 0.000000000000000000e+00 0.000000000000000000e+00
6.426157582403224655e-01 1.120544147528790002e-01 0.000000000000000000e+00 0.000000000000000000e+00 0.000000000000000000e+00 0.000000000000000000e+00 -1.449427759028659168e-01 -3.332697190962566891e-01 4.992692295568800787e-01 5.095046089296860758e-01 0.000000000000000000e+00 0.000000000000000000e+00 0.000000000000000000e+00 0.000000000000000000e+00 0.000000000000000000e+00 0.000000000000000000e+00 0.000000000000000000e+00 0.000000000000000000e+00
3.573842417596774235e-01 1.139767839641859931e-01 0.000000000000000000e+00 0.000000000000000000e+00 0.000000000000000000e+00 0.000000000000000000e+00 -7.688133642033569137e-02 2.395273603243906757e-01 3.977746623680946114e-01 1.075589568736074440e-02 -3.277691241640188768e-01 0.000000000000000000e+00 0.000000000000000000e+00 0.000000000000000000e+00 0.000000000000000000e+00 0.000000000000000000e+00 0.000000000000000000e+00 0.000000000000000000e+00
1.174723380352676455e-01 7.983145282801960840e-02 0.000000000000000000e+00 0.000000000000000000e+00 0.000000000000000000e+00 0.000000000000000000e+00 -5.203296868006030557e-02 -5.769541461685488704e-02 1.947819157121041533e-01 1.453849231883250770e-01 -7.829427103516707620e-02 -1.145032993610989175e-01 0.000000000000000000e+00 0.000000000000000000e+00 0.000000000000000000e+00 0.000000000000000000e+00 0.000000000000000000e+00 0.000000000000000000e+00
8.333333333333332593e-01 9.851156101648572694e-01 0.000000000000000000e+00 0.000000000000000000e+00 3.308859630407221530e-01 4.896629573094501420e-01 -1.378964865748435686e+00 -8.611641950276357482e-01 5.784288136375372424e+00 3.288077619851035749e+00 -2.386339050931364003e+00 -3.254793424836439186e+00 -2.163435416864230021e+00 0.000000000000000000e+00 0.000000000000000000e+00 0.000000000000000000e+00 0.000000000000000000e+00 0.000000000000000000e+00
3.090367612044726542e-01 8.950802957716328390e-01 0.000000000000000000e+00 1.979668312271923580e-01 -7.295478473136327024e-02 0.000000000000000000e+00 -8.512362396620075655e-01 3.983201123185333148e-01 3.639372631810355863e+00 1.548228770398303311e+00 -2.122217147040537100e+00 -1.583503985453261764e+00 -1.715616082859362512e+00 -2.440364057501274650e-02 0.000000000000000000e+00 0.000000000000000000e+00 0.000000000000000000e+00 0.000000000000000000e+00
5.393578408029817695e-01 -9.151765613752914641e-01 1.454534402178273345e+00 0.000000000000000000e+00 0.000000000000000000e+00 -7.773336436449682640e-01 0.000000000000000000e+00 -9.108956621551760058e-02 0.000000000000000000e+00 0.000000000000000000e+00 0.000000000000000000e+00 0.000000000000000000e+00 0.000000000000000000e+00 9.108956621551760058e-02 7.773336436449682640e-01 0.000000000000000000e+00 0.000000000000000000e+00 0.000000000000000000e+00
1.000000000000000056e-01 1.000000000000000056e-01 0.000000000000000000e+00 -1.571786657997711611e-01 0.000000000000000000e+00 0.000000000000000000e+00 0.000000000000000000e+00 0.000000000000000000e+00 0.000000000000000000e+00 0.000000000000000000e+00 0.000000000000000000e+00 0.000000000000000000e+00 0.000000000000000000e+00 0.000000000000000000e+00 0.000000000000000000e+00 1.571786657997711611e-01 0.000000000000000000e+00 0.000000000000000000e+00
1.000000000000000000e+00 1.817813007000952941e-01 6.750000000000000444e-01 3.427581598471898250e-01 0.000000000000000000e+00 2.591112145483227547e-01 -3.582789667179521187e-01 -1.045948959408833145e+00 9.303278454156269639e-01 1.779509594317081111e+00 1.000000000000000056e-01 -2.825475695390440856e-01 -1.593273501199725661e-01 -1.455158946470015147e-01 -2.591112145483227547e-01 -3.427581598471898250e-01 -6.750000000000000444e-01 0.000000000000000000e+00
0.000000000000000000e+00 3.333333333333333287e-02 2.500000000000000139e-02 3.333333333333333287e-02 0.000000000000000000e+00 5.000000000000000278e-02 0.000000000000000000e+00 4.000000000000000083e-02 0.000000000000000000e+00 1.892374781489234714e-01 2.774291885177431749e-01 2.774291885177431749e-01 1.892374781489234714e-01 -4.000000000000000083e-02 -5.000000000000000278e-02 -3.333333333333333287e-02 -2.500000000000000139e-02 3.333333333333333287e-02
0.000000000000000000e+00 3.333333333333333287e-02 2.777777777777777624e-02 3.333333333333333287e-02 0.000000000000000000e+00 5.000000000000000278e-02 0.000000000000000000e+00 4.000000000000000083e-02 0.000000000000000000e+00 1.892374781489234714e-01 2.774291885177431749e-01 2.774291885177431749e-01 1.892374781489234714e-01 -4.000000000000000083e-02 -5.000000000000000278e-02 -3.333333333333333287e-02 -2.777777777777777624e-02 3.333333333333333287e-02
